"","challenge","compete"
"616326",1,1
